58
29999	1	20000	
20000	1	20001	
20001	2	20001	20002	
20001	1	20002	
20002	1	20003	
20002	1	20004	
20003	3	20005	10000	10011	
20005	1	10003	
20005	1	10002	
20004	6	20005	10000	10012	20006	10013	20007	
20006	1	20008	
20006	1	10003	
20008	3	20008	10014	20009	
20008	1	20009	
20009	2	20005	10000	
20010	2	20010	20011	
20010	0	
20011	1	20012	
20011	1	20007	
20011	1	20013	
20011	1	20014	
20011	1	20015	
20012	4	10000	10015	20016	10011	
20012	0	
20012	1	10011	
20014	5	10005	10012	20016	10013	20011	
20007	4	10016	20017	20010	10017	
20017	2	20017	20018	
20017	0	
20018	3	20005	10000	10011	
20013	5	10004	10012	20016	10013	20011	
20013	7	10004	10012	20016	10013	20011	20019	20011	
20015	2	10006	10011	
20015	3	10006	20016	10011	
20016	3	20016	10018	20016	
20016	0	
20016	3	20016	10007	20016	
20016	0	
20016	3	20016	10008	20016	
20016	0	
20016	3	20016	10009	20016	
20016	0	
20016	3	20016	10010	20016	
20016	0	
20016	3	20016	10019	20016	
20016	0	
20016	3	10012	20016	10013	
20016	0	
20016	4	10012	10008	20016	10013	
20016	0	
20016	1	10000	
20016	0	
20016	1	10001	
20016	0	
20020	1	20021	
20020	0	
20021	3	20021	10014	20016	
20021	1	20016	
